Scatterer_ocean
{
	Ocean
	{
		name = Javine
		m_foamAnsio = 9
		m_foamMipMapBias = -2
		m_whiteCapStr = 0.100000001
		shoreFoam = 0.550000012
		m_farWhiteCapStr = -0.200000003
		choppynessMultiplier = 1
		AMP = 1
		m_ansio = 2
		m_windSpeed = 5
		m_omega = 0.839999974
		m_varianceSize = 4
		m_oceanUpwellingColor = 0.00700000022,0.00300000003,0.00200000009
		m_UnderwaterColor = 0.0549999997,0.0350000001,0.0125000002
		m_oceanLevel = 0
		m_zmin = 20000
		m_resolution = 4
		MAX_VERTS = 65000
		oceanScale = 1
		oceanAlpha = 0.949999988
		alphaRadius = 1400
		transparencyDepth = 0.5
		darknessDepth = 1000
		refractionIndex = 1.33000004
		fakeOceanAltitude = 160000
	}
}
